9001,350,200.7989000000,98.4117500000,45.576,1.500,1.593,100
9001,351,206.5925000000,98.4978000000,43.955,1.500,1.593,1
9001,352,209.6473000000,98.5327000000,43.300,1.500,1.593,1
9001,353,220.6288000000,98.7208000000,41.767,1.500,1.593,1
9001,354,225.8796000000,98.8869000000,43.027,1.500,1.593,1
9001,355,235.3840000000,99.2126000000,46.342,1.500,1.593,1
9001,356,239.7592000000,99.3374000000,48.450,1.500,1.593,1
9001,358,245.2916000000,99.5025000000,51.714,1.500,1.593,1
9001,359,245.9837000000,99.5741000000,56.391,1.500,1.593,1
9001,360,246.2285000000,99.6072000000,58.401,1.500,1.593,1
9001,361,246.4226000000,99.6316000000,60.682,1.500,1.593,1
9001,362,246.5823000000,99.6574500000,62.642,1.500,1.593,1
9001,363,247.0803000000,99.7536000000,71.218,1.500,1.593,1
9001,366,247.1897000000,99.7598000000,72.402,1.500,1.593,1
9001,367,248.5709000000,99.7768000000,76.243,1.500,1.593,1
8000,683,81.0079000000,98.8256000000,34.894,2.000,1.590,1
8000,684,103.0248000000,98.8058000000,34.062,2.000,1.590,1
8000,685,122.6704000000,99.0330000000,36.975,2.000,1.590,1
8000,686,138.3144000000,99.2464000000,42.831,2.000,1.590,1
8000,687,149.7595000000,99.3582000000,50.663,2.000,1.590,1
8000,688,157.2267000000,99.4797000000,58.624,2.000,1.590,1
8000,689,163.0051000000,99.5210000000,67.710,2.000,1.590,1
9001,478,287.0227000000,100.8557000000,34.313,1.500,1.573,100
9001,479,285.8841000000,100.7222000000,37.379,1.500,1.573,1
9001,480,285.5765000000,100.3933000000,38.164,1.500,1.573,1
9001,481,283.1164000000,99.9006000000,48.873,1.500,1.573,1
9001,482,281.7808000000,99.8503000000,57.206,1.500,1.573,1
9001,483,280.6413000000,99.8865000000,66.809,1.500,1.573,1
9001,484,279.9941000000,99.9021000000,73.793,1.500,1.573,1
9001,485,279.2135500000,99.9092000000,83.944,1.500,1.573,1
9001,486,278.6707000000,99.9002000000,93.966,1.500,1.573,1
9001,487,278.3512000000,99.8759000000,101.204,1.500,1.573,1
9001,488,278.0578000000,99.8882000000,108.444,1.500,1.573,1
9001,489,277.8185000000,99.8949000000,114.742,1.500,1.573,1
9001,490,277.4423000000,99.9663000000,126.936,1.500,1.573,1
9001,491,277.4566000000,99.9789000000,127.620,1.500,1.573,1
8000,895,199.5415000000,100.2558000000,67.737,1.700,1.590,100
8000,896,198.8746000000,100.2046000000,67.694,1.700,1.590,1
8000,897,198.7666000000,99.9317000000,72.359,1.700,1.590,1
8000,898,198.6072000000,99.7573000000,78.654,1.700,1.590,1
8000,900,198.2677000000,99.7573000000,91.308,1.700,1.590,1
8000,901,198.0690000000,99.7326000000,101.362,1.700,1.590,1
8000,902,197.9220000000,99.7162000000,111.404,1.700,1.590,1
8000,903,197.8333000000,99.7045000000,116.763,1.700,1.590,1
8000,904,197.7896000000,99.6942000000,120.998,1.700,1.590,1
8000,907,197.5704000000,99.6662000000,141.822,1.700,1.590,1
8000,909,197.7423000000,99.6664000000,141.865,1.700,1.590,1
8000,910,197.7541000000,99.6511000000,144.125,1.700,1.590,1
8000,912,197.6740000000,99.5840000000,153.147,1.700,1.590,1
8000,913,197.4901000000,99.6365000000,178.369,1.700,1.590,1
8001,1024,74.1134000000,99.0114000000,35.329,2.000,1.571,100
8001,1025,94.8951000000,98.8837000000,32.328,2.000,1.571,1
8001,1044,102.8100000000,98.8357000000,31.984,2.000,1.571,1
8001,1072,142.0451000000,98.8692000000,39.933,2.000,1.571,1
8001,1095,159.5098000000,98.9865000000,52.344,2.000,1.571,1
8002,1310,127.3511000000,98.2517000000,23.832,2.000,1.541,100
8002,1311,126.8824000000,98.2065000000,23.429,2.000,1.541,1
8002,1312,145.2539000000,98.4765000000,28.243,2.000,1.541,100
8002,1313,146.5508000000,98.4946000000,27.307,2.000,1.541,1
8002,1314,149.0270000000,98.4667000000,27.098,2.000,1.541,1
8002,1315,159.2695000000,98.5396000000,30.967,2.000,1.541,1
8002,1316,168.4451000000,98.6530000000,36.390,2.000,1.541,1
9001,107,5.9969000000,104.8691000000,37.741,1.500,1.593,200
9001,110,1.7598000000,104.8701000000,36.561,1.500,1.593,2
9001,111,398.4887000000,104.7944000000,35.617,1.500,1.593,2
9001,148,392.0586000000,104.6692000000,33.323,1.500,1.593,2
9001,149,388.3223000000,104.5771000000,31.881,1.500,1.593,2
9001,150,385.5224000000,104.5464000000,30.723,1.500,1.593,2
9001,151,382.2622000000,104.4869000000,29.300,1.500,1.593,2
9001,152,378.7198000000,104.4773000000,27.794,1.500,1.593,2
9001,153,375.4944000000,104.4383000000,26.261,1.500,1.593,2
9001,154,372.2945000000,104.3902000000,24.633,1.500,1.593,2
9001,155,368.2994000000,104.3720000000,22.637,1.500,1.593,2
9001,156,365.4808000000,104.4012000000,21.193,1.500,1.593,2
9001,157,360.2278000000,104.4825000000,18.491,1.500,1.593,2
9001,158,356.7603000000,104.4630000000,16.658,1.500,1.593,2
9001,159,352.8140000000,104.4817000000,14.648,1.500,1.593,2
9001,160,347.7212000000,104.5608000000,12.005,1.500,1.593,2
9001,161,343.5233000000,104.6990000000,10.068,1.500,1.593,2
9001,162,338.8713000000,104.7664000000,8.069,1.500,1.593,2
9001,163,333.1942000000,105.0701000000,6.067,1.500,1.593,2
9001,164,325.2314000000,105.3346000000,4.093,1.500,1.593,2
9001,165,308.3336000000,106.9955000000,2.158,1.500,1.593,2
9001,166,196.0861000000,103.5799000000,1.136,1.500,1.593,2
9001,167,140.8896000000,97.0822000000,4.316,1.500,1.593,2
9001,168,129.4573000000,96.5713000000,7.698,1.500,1.593,2
9001,169,122.0339000000,97.1628000000,10.945,1.500,1.593,2
9001,170,115.8176000000,97.8631000000,14.032,1.500,1.593,2
9001,171,110.9886000000,98.2951000000,16.515,1.500,1.593,2
9001,172,106.2727000000,98.6936000000,18.993,1.500,1.593,2
9001,173,102.4947000000,99.0895000000,20.934,1.500,1.593,2
9001,174,99.2316000000,99.3551000000,22.592,1.500,1.593,2
9001,175,94.8796000000,99.7151000000,24.787,1.500,1.593,2
9001,176,91.6411000000,99.9124000000,26.360,1.500,1.593,2
9001,177,88.5756000000,100.0840000000,27.789,1.500,1.593,2
9001,178,85.4478000000,100.1868000000,29.207,1.500,1.593,2
9001,179,82.1895000000,100.3075000000,30.652,1.500,1.593,2
9001,108,6.0474000000,105.0633000000,37.926,1.500,1.593,200
9001,109,1.6006000000,105.0467000000,36.699,1.500,1.593,2
9001,112,396.7568000000,104.9857000000,35.211,1.500,1.593,2
9001,113,392.3368000000,104.9080000000,33.598,1.500,1.593,2
9001,114,388.5086000000,104.8213000000,32.130,1.500,1.593,2
9001,115,385.0975000000,104.8054000000,30.708,1.500,1.593,2
9001,116,380.1869000000,104.7563000000,28.613,1.500,1.593,2
9001,117,375.2813000000,104.7206000000,26.352,1.500,1.593,2
9001,118,370.3677000000,104.7058000000,23.902,1.500,1.593,2
9001,119,365.4386000000,104.7156000000,21.397,1.500,1.593,2
9001,120,359.1133000000,104.8603000000,18.151,1.500,1.593,2
9001,122,354.5900000000,104.8906000000,15.839,1.500,1.593,2
9001,123,349.3792000000,105.0188000000,13.247,1.500,1.593,2
9001,124,342.6668000000,105.4332000000,10.079,1.500,1.593,2
9001,125,335.3648000000,105.8468000000,7.229,1.500,1.593,2
9001,126,325.8661000000,106.7161000000,4.687,1.500,1.593,2
9001,127,302.5626000000,110.1798000000,2.165,1.500,1.593,2
9001,128,164.9661000000,102.8885000000,2.128,1.500,1.593,2
9001,129,139.1024000000,98.2790000000,5.156,1.500,1.593,2
9001,130,128.9997000000,97.4842000000,8.376,1.500,1.593,2
9001,131,121.9313000000,97.8342000000,11.419,1.500,1.593,2
9001,132,116.0674000000,98.4082000000,14.266,1.500,1.593,2
9001,134,111.0726000000,98.6745000000,16.795,1.500,1.593,2
9001,135,106.0950000000,99.0586000000,19.378,1.500,1.593,2
9001,136,101.5904000000,99.5394000000,21.688,1.500,1.593,2
9001,137,97.6454000000,99.7963000000,23.661,1.500,1.593,2
9001,138,94.1949000000,100.0676000000,25.384,1.500,1.593,2
9001,139,90.2150000000,100.3174000000,27.275,1.500,1.593,2
9001,140,87.0197000000,100.3392000000,28.730,1.500,1.593,2
9001,142,82.3586000000,100.3814000000,30.781,1.500,1.593,2
9001,143,75.2103000000,100.1009000000,33.582,2.000,1.593,2
9001,180,87.4297000000,100.3941000000,57.922,1.500,1.593,200
9001,183,86.4114000000,100.3822000000,54.316,1.500,1.593,2
9001,184,85.4983000000,100.4567000000,50.092,1.500,1.593,2
9001,185,85.5011000000,100.2566000000,49.071,1.500,1.593,2
9001,189,86.2705000000,100.0790000000,45.814,1.500,1.593,2
9001,192,87.3116000000,100.0310000000,43.986,1.500,1.593,2
9001,193,89.3002000000,99.9162000000,42.204,1.500,1.593,2
9001,196,92.6949000000,99.7591000000,40.345,1.500,1.593,2
9001,197,96.4830000000,99.4523000000,38.648,1.500,1.593,2
9001,205,101.5405000000,99.1934000000,37.363,1.500,1.593,2
9001,208,105.1628000000,99.0530000000,36.923,1.500,1.593,2
9001,217,109.3551000000,98.8646000000,36.577,1.500,1.593,2
9001,220,113.9685000000,98.5890000000,36.519,1.500,1.593,2
9001,221,118.6667000000,98.2995000000,36.963,1.500,1.593,2
9001,225,120.3254000000,98.3796000000,37.297,1.500,1.593,2
9001,226,122.7766000000,98.2044000000,38.042,1.500,1.593,2
9001,228,124.0533000000,97.9286500000,38.636,1.500,1.593,2
9001,235,130.3697000000,97.4870000000,43.389,1.500,1.593,2
9001,181,87.2745000000,100.5442000000,57.957,1.500,1.593,200
9001,182,86.2328000000,100.5403000000,54.341,1.500,1.593,2
9001,186,85.3587000000,100.4547000000,50.101,1.500,1.593,2
9001,187,85.3075000000,100.4246000000,49.058,1.500,1.593,2
9001,188,85.6771000000,100.3145000000,46.867,1.500,1.593,2
9001,190,86.0146000000,100.2804000000,45.830,1.500,1.593,2
9001,191,87.0096000000,100.2093000000,44.033,1.500,1.593,2
9001,194,89.2495000000,100.0922000000,42.009,1.500,1.593,2
9001,195,92.1295000000,99.9595000000,40.413,1.500,1.593,2
9001,198,96.3001000000,99.6743000000,38.542,1.500,1.593,2
9001,206,101.8174000000,99.4177000000,37.156,1.500,1.593,2
9001,207,105.0455000000,99.2831000000,36.776,1.500,1.593,2
9001,218,109.4064000000,99.0875000000,36.416,1.500,1.593,2
9001,219,113.4520333333,98.8465333333,36.346,1.500,1.593,2
9001,222,118.6199000000,98.5063000000,36.807,1.500,1.593,2
9001,224,120.4321000000,98.4046000000,37.188,1.500,1.593,2
9001,227,122.8690000000,98.2304000000,37.931,1.500,1.593,2
9001,229,124.2197500000,98.1321000000,38.510,1.500,1.593,2
9001,236,130.6073000000,97.6835000000,43.361,1.500,1.593,2
9001,265,145.1657000000,97.3600000000,38.960,1.500,1.593,200
9001,268,145.2300000000,97.2664000000,36.117,1.500,1.593,2
9001,269,145.3924000000,97.0422000000,31.800,1.500,1.593,2
9001,272,145.6844000000,97.0203000000,29.159,1.500,1.593,2
9001,273,145.9620000000,96.7469000000,28.122,1.500,1.593,2
9001,276,148.0704000000,96.5427000000,24.667,1.500,1.593,2
9001,278,151.4130000000,96.4494000000,22.053,1.500,1.593,2
9001,281,157.3416000000,96.3753000000,19.429,1.500,1.593,2
9001,287,162.4847000000,96.2459000000,18.053,1.500,1.593,2
9001,290,176.8754000000,96.0532000000,15.955,1.500,1.593,2
9001,292,184.5026000000,96.1283000000,15.502,1.500,1.593,2
9001,293,192.0014000000,96.2042000000,15.630,1.500,1.593,2
9001,297,199.4380000000,96.3957000000,16.455,1.500,1.593,2
9001,298,206.6061000000,96.7740000000,18.087,1.500,1.593,2
9001,302,209.4076000000,96.9275000000,19.061,1.500,1.593,2
9001,303,212.3294000000,97.1129000000,20.237,1.500,1.593,2
9001,310,220.5790000000,97.6953000000,24.106,1.500,1.593,2
9001,313,224.4788000000,98.0448000000,26.200,1.500,1.593,2
9001,314,229.2198000000,98.4532000000,29.108,1.500,1.593,2
9001,316,232.8212000000,98.7718000000,31.489,1.500,1.593,2
9001,322,233.8409000000,98.8724000000,32.211,1.500,1.593,2
9001,323,237.5206000000,99.1159000000,34.472,1.500,1.593,2
9001,329,240.0966000000,99.2445000000,35.974,1.500,1.593,2
9001,330,243.3612000000,99.4009000000,37.974,1.500,1.593,2
9001,331,245.7396000000,99.4992000000,39.595,1.500,1.593,2
9001,332,247.4047000000,99.5822000000,40.885,1.500,1.593,2
9001,333,248.5742000000,99.5859000000,42.071,1.500,1.593,2
9001,334,250.2161000000,99.5748000000,43.748,1.500,1.593,2
9001,266,144.9339000000,97.6038000000,38.956,1.500,1.593,200
9001,267,144.9769000000,97.5594000000,36.452,1.500,1.593,2
9001,270,145.1160000000,97.2591000000,31.807,1.500,1.593,2
9001,271,145.4295000000,97.0828000000,29.150,1.500,1.593,2
9001,274,145.6084000000,97.0263000000,28.125,1.500,1.593,2
9001,275,147.5393000000,96.9114000000,24.807,1.500,1.593,2
9001,279,151.2338000000,96.8608000000,21.823,1.500,1.593,2
9001,280,156.8191000000,96.8308000000,19.389,1.500,1.593,2
9001,288,161.5483000000,96.7292000000,18.045,1.500,1.593,2
9001,289,171.4909000000,96.5498000000,16.338,1.500,1.593,2
9001,291,182.0412000000,96.6013000000,15.429,1.500,1.593,2
9001,294,192.0560000000,96.7041000000,15.483,1.500,1.593,2
9001,296,199.2880000000,96.8595000000,16.241,1.500,1.593,2
9001,299,206.9417000000,97.1514000000,17.965,1.500,1.593,2
9001,301,209.7560000000,97.3164000000,18.961,1.500,1.593,2
9001,304,212.6792000000,97.3556000000,20.117,1.500,1.593,2
9001,311,220.8260000000,97.9740000000,24.014,1.500,1.593,2
9001,312,224.7523000000,98.3122000000,26.103,1.500,1.593,2
9001,315,229.5707000000,98.7748000000,29.066,1.500,1.593,2
9001,317,233.0968000000,99.0381000000,31.448,1.500,1.593,2
9001,321,234.1107000000,99.1140000000,32.137,1.500,1.593,2
9001,324,237.8508000000,99.2978000000,34.447,1.500,1.593,2
9001,325,241.5927000000,99.5334000000,36.655,1.500,1.593,2
9001,326,245.2371000000,99.7013000000,39.011,1.500,1.593,2
9001,327,247.9486000000,99.7826000000,41.091,1.500,1.593,2
9001,328,250.1144500000,99.7086000000,43.290,1.500,1.593,2
9001,431,286.7992000000,100.9009000000,34.380,1.500,1.593,200
9001,432,282.4396000000,100.9311000000,33.956,1.500,1.593,2
9001,438,281.1428000000,100.8840000000,34.052,1.500,1.593,2
9001,439,280.5318000000,100.8804000000,34.236,1.500,1.593,2
9001,440,280.0748000000,100.8310000000,34.834,1.500,1.593,2
9001,441,279.6544000000,100.7388000000,37.411,1.500,1.593,2
9001,447,279.7194000000,100.5374000000,37.864,1.500,1.573,2
9001,448,279.1855000000,100.4712000000,38.170,1.500,1.573,2
9001,449,279.1205000000,100.2620000000,38.314,1.500,1.573,2
9001,450,277.6035000000,100.5042000000,38.571,1.500,1.573,2
9001,453,274.0209000000,100.2959000000,39.593,1.500,1.573,2
9001,454,272.7178000000,100.0222000000,40.211,1.500,1.573,2
9001,455,270.8095000000,99.8793000000,41.142,1.500,1.573,2
9001,458,266.9404000000,99.3479000000,43.947,1.800,1.573,2
9001,459,266.6720500000,99.3615000000,44.434,1.800,1.573,2
9001,462,267.3446000000,99.5346000000,49.344,1.800,1.573,2
9001,463,272.3314000000,100.1305000000,49.361,1.500,1.573,2
9001,464,272.1877000000,100.1371000000,51.927,1.500,1.573,2
9001,467,271.9682000000,100.1360000000,56.916,1.500,1.573,2
9001,518,270.6788000000,99.6515000000,57.008,1.800,1.573,2
9001,521,270.6573000000,99.6034000000,55.063,1.800,1.573,2
9001,522,267.8535000000,99.4061000000,54.945,1.800,1.573,2
9001,525,267.3911000000,99.6045000000,66.573,1.800,1.573,2
8000,541,34.3413000000,100.8651000000,11.498,1.500,1.590,2
8000,544,59.4021000000,101.4908000000,8.117,1.500,1.590,2
8000,560,70.5493000000,101.6173000000,7.519,1.500,1.590,2
8000,561,127.3385000000,101.3449000000,8.341,1.500,1.590,2
8000,564,153.7203000000,100.7856000000,12.529,1.500,1.590,2
8000,565,172.6955000000,100.4243000000,23.708,1.500,1.590,2
8000,568,177.4510000000,100.3771000000,31.056,1.500,1.590,2
8000,569,166.5081000000,100.4406000000,33.264,1.500,1.590,2
8000,574,175.4073000000,100.3135000000,46.664,2.000,1.590,2
8000,575,177.3322000000,100.2445000000,51.282,1.500,1.590,2
8000,578,178.1267000000,100.2666000000,52.974,1.500,1.590,2
8000,579,178.5455000000,100.2775000000,53.452,1.500,1.590,2
8000,582,179.6839000000,100.2617000000,54.202,1.500,1.590,2
8000,583,181.4061000000,100.2889000000,54.649,1.500,1.590,2
8000,586,182.2973000000,100.2518000000,54.696,1.500,1.590,2
8000,587,189.3659000000,100.4264000000,55.368,1.500,1.590,2
8000,590,190.5138000000,100.5606000000,55.535,1.500,1.590,2
8000,591,192.2799000000,100.5824000000,55.819,1.500,1.590,2
8000,594,193.6625000000,100.5132000000,56.088,1.500,1.590,2
8000,595,195.8915000000,100.4853000000,56.562,1.500,1.590,2
8000,598,199.5145000000,100.5914000000,57.555,1.500,1.590,2
8001,923,360.3556000000,102.8912000000,19.674,1.500,1.587,2
9001,433,286.9855000000,101.2299000000,34.231,1.500,1.593,200
9001,434,282.4621000000,100.9933000000,33.821,1.500,1.593,2
9001,435,281.2283000000,100.9152000000,33.903,1.500,1.593,2
9001,436,280.6319000000,100.8941000000,34.045,1.500,1.593,2
9001,437,279.9526000000,100.8501000000,34.332,1.500,1.593,2
9001,442,279.4068000000,100.7356000000,37.379,1.500,1.593,2
9001,445,279.3810000000,100.6824000000,37.823,1.500,1.573,2
9001,446,278.8985000000,100.6010000000,38.211,1.500,1.573,2
9001,451,277.5410000000,100.5189000000,38.459,1.500,1.573,2
9001,452,273.9894000000,100.3290000000,39.504,1.500,1.573,2
9001,456,270.8352000000,100.1309000000,40.895,1.500,1.573,2
9001,457,266.7638000000,99.4621000000,43.844,1.800,1.573,2
9001,460,266.4961000000,99.4189000000,44.482,1.800,1.573,2
9001,461,267.4291000000,99.4644000000,49.193,1.800,1.573,2
9001,465,272.5475000000,100.0370000000,49.191,1.500,1.573,2
9001,466,272.1617000000,100.0462000000,57.065,1.500,1.573,2
9001,519,270.7107000000,99.7664000000,56.871,1.800,1.573,2
9001,520,270.7940000000,99.7508000000,54.799,1.800,1.573,2
9001,523,267.6076000000,99.4850000000,54.850,1.800,1.573,2
9001,524,267.2264000000,99.6468000000,66.568,1.800,1.573,2
8000,542,35.6201000000,101.2527000000,11.455,1.500,1.590,2
8000,543,57.1143000000,102.1379000000,8.501,1.500,1.590,2
8000,559,70.7922000000,102.3197000000,7.679,1.500,1.590,2
8000,562,126.6443000000,101.9165000000,8.497,1.500,1.590,2
8000,563,153.0326000000,101.1042000000,12.621,1.500,1.590,2
8000,566,172.2875000000,100.6208000000,23.765,1.500,1.590,2
8000,567,176.9753000000,100.5077000000,30.955,1.500,1.590,2
8000,570,165.9984000000,100.5905000000,33.205,1.500,1.590,2
8000,573,175.1684000000,100.3867000000,46.641,2.000,1.590,2
8000,576,177.1519000000,100.3250000000,51.349,1.500,1.590,2
8000,577,177.7843000000,100.3210000000,52.788,1.500,1.590,2
8000,580,178.4540000000,100.3396000000,53.625,1.500,1.590,2
8000,581,179.6328000000,100.3387000000,54.356,1.500,1.590,2
8000,584,181.4310000000,100.3913000000,54.822,1.500,1.590,2
8000,585,182.2821000000,100.3862000000,54.849,1.500,1.590,2
8000,588,189.3586000000,100.5495000000,55.496,1.500,1.590,2
8000,589,190.4978000000,100.5841000000,55.641,1.500,1.590,2
8000,592,192.2538000000,100.5983000000,55.937,1.500,1.590,2
8000,593,193.6473000000,100.5747000000,56.215,1.500,1.590,2
8000,596,196.0995000000,100.5941000000,56.775,1.500,1.590,2
8000,597,199.4378000000,100.6486000000,57.675,1.500,1.590,2
8001,924,360.0468000000,103.0146000000,19.586,1.500,1.587,2
8000,627,159.9571000000,99.5771000000,25.372,2.000,1.590,200
8000,628,160.0845000000,99.5560000000,24.805,2.000,1.590,2
8000,629,162.7752000000,99.5145000000,24.246,2.000,1.590,2
8000,630,163.8393000000,99.5283000000,25.023,2.000,1.590,2
8000,631,163.2200000000,99.5452000000,25.316,2.000,1.590,2
8000,632,161.2205000000,99.5753000000,25.649,2.000,1.590,2
8000,654,71.7331000000,98.6837000000,9.983,2.000,1.590,200
8000,655,66.0604000000,98.7082000000,10.345,2.000,1.590,2
8000,656,68.3243000000,98.7728000000,11.271,2.000,1.590,2
8000,657,71.7633000000,98.8011000000,11.594,2.000,1.590,2
8000,658,74.0730000000,98.8008000000,10.964,2.000,1.590,2
8000,659,72.0488000000,98.6894000000,10.007,2.000,1.590,2
8000,696,166.5168000000,99.1709000000,68.341,2.500,1.590,200
8000,712,157.5464000000,98.9671000000,53.922,2.500,1.590,2
8000,730,147.9312000000,99.4382000000,44.764,2.000,1.590,2
8000,716,155.1733000000,99.5850000000,46.205,2.000,1.590,200
8000,717,156.2854000000,99.6175000000,45.516,2.000,1.590,2
8000,718,157.2254000000,99.6553000000,45.625,2.000,1.590,2
8000,719,157.1430000000,99.6325000000,46.368,2.000,1.590,2
8000,720,156.0577000000,99.5954000000,46.961,2.000,1.590,2
8000,740,150.9142000000,98.7676000000,38.858,2.500,1.590,200
8000,752,140.6052000000,98.5887000000,36.408,2.500,1.590,200
8000,756,138.6245000000,98.5280000000,37.717,2.500,1.590,2
8000,757,129.6989000000,98.3687000000,33.975,2.500,1.590,2
8000,760,131.6039000000,98.4227000000,32.489,2.500,1.590,2
8000,765,126.8204000000,98.3471000000,30.959,2.500,1.590,200
8000,778,125.1104000000,98.3190000000,32.429,2.500,1.590,2
8000,784,118.6959000000,98.2710000000,30.671,2.500,1.590,2
8000,789,112.3889000000,98.1529000000,29.282,2.500,1.590,2
8000,791,112.8823000000,98.1680000000,28.560,2.500,1.590,2
8000,792,113.5996000000,98.1276000000,27.806,2.500,1.590,2
8000,771,119.5314000000,98.2588000000,28.502,2.500,1.590,200
8000,772,120.6167000000,98.2574000000,27.496,2.500,1.590,2
8000,773,122.0622000000,98.2843000000,27.355,2.500,1.590,2
8000,774,122.7185000000,98.2921000000,27.985,2.500,1.590,2
8000,775,121.5069000000,98.2757000000,28.948,2.500,1.590,2
8000,803,107.4629000000,98.0911000000,26.839,2.500,1.590,2
8000,804,106.3276000000,98.0686000000,28.431,2.500,1.590,2
8000,807,105.1661000000,98.0914000000,28.296,2.500,1.590,2
8000,808,99.9563000000,98.0387000000,27.715,2.500,1.590,2
8000,811,98.4699000000,98.0001000000,27.553,2.500,1.590,2
8000,814,90.6420000000,97.9667000000,27.166,2.500,1.590,2
8000,817,90.8908000000,98.0266000000,25.449,2.500,1.590,2
8000,818,91.3152000000,98.0682000000,22.690,2.500,1.590,2
8000,819,83.4337000000,97.9509000000,22.685,2.500,1.590,2
8000,820,83.8160000000,97.9409000000,25.311,2.500,1.590,2
8000,826,84.0912000000,97.8571000000,27.161,2.500,1.590,2
8000,827,82.9206000000,97.8971000000,27.190,2.500,1.590,2
8000,831,78.1194000000,97.9447000000,27.366,2.500,1.590,2
8000,832,76.5938000000,97.9481000000,27.506,2.500,1.590,2
8000,835,71.4132000000,97.9108000000,27.965,2.500,1.590,2
8000,840,68.6056000000,97.9760000000,23.660,2.500,1.590,2
8000,844,61.5575000000,98.0231000000,24.606,2.500,1.590,2
8000,845,64.0812000000,97.8459000000,27.263,2.500,1.590,2
8000,848,63.8107000000,97.8317000000,29.056,2.500,1.590,2
8001,928,343.9094000000,104.3917000000,12.517,1.500,1.587,200
8001,929,368.5196000000,104.0511000000,9.071,1.500,1.587,2
8001,930,1.8348000000,104.0931000000,7.765,1.500,1.587,2
8001,931,9.0335000000,104.2625000000,7.766,1.500,1.587,2
8001,934,35.8772000000,103.0971000000,8.874,1.500,1.587,2
8001,935,48.0436000000,102.3142000000,10.132,1.500,1.587,2
8001,946,54.7805000000,101.9049000000,10.860,1.500,1.587,2
8001,947,63.0505000000,101.6877000000,11.633,1.500,1.587,2
8001,948,71.2221000000,101.4437000000,12.206,1.500,1.587,2
8001,949,79.3533000000,101.3910000000,12.716,1.500,1.587,2
8001,950,86.4256000000,101.2661000000,13.077,1.500,1.587,2
8001,951,94.8841000000,101.2450000000,13.357,1.500,1.587,2
8001,952,98.2716000000,101.2018000000,13.423,1.500,1.587,2
8001,953,109.5054000000,101.0111000000,13.521,1.500,1.587,2
8001,976,141.1862000000,100.9407000000,16.496,1.500,1.587,2
8001,987,169.0577000000,100.3508000000,27.420,1.500,1.587,2
8001,994,174.0232000000,100.2130000000,31.993,1.500,1.587,2
8001,1002,181.1321000000,100.0274000000,42.533,1.500,1.587,2
8001,1016,74.0248000000,99.2564000000,27.451,2.000,1.571,200
8001,1017,74.6397500000,99.2760500000,26.914,2.000,1.571,2
8001,1018,76.2289000000,99.2310000000,27.067,2.000,1.571,2
8001,1019,77.1208000000,99.2033000000,28.111,2.000,1.571,2
8001,1020,74.9659000000,99.2449000000,28.447,2.000,1.571,2
8001,1022,71.1892000000,99.1621000000,32.760,2.000,1.571,200
8001,1048,104.5239000000,99.0552000000,29.121,2.000,1.571,2
8001,1071,143.2349000000,99.1479000000,36.670,2.000,1.571,2
8001,1107,167.4630000000,99.2328000000,57.063,2.000,1.571,2
8001,1059,132.6968000000,99.1775000000,28.345,2.000,1.571,200
8001,1060,133.5460000000,99.2109000000,28.038,2.000,1.571,2
8001,1061,131.6459000000,99.1791000000,29.140,2.000,1.571,2
8001,1062,133.3869000000,99.1478000000,29.641,2.000,1.571,2
8001,1090,165.6663000000,99.2798000000,46.924,2.000,1.571,200
8001,1091,164.6569000000,99.2654000000,47.450,2.000,1.571,2
8001,1092,165.3418000000,99.2796000000,48.281,2.000,1.571,2
8001,1112,188.0246000000,99.3537000000,63.719,2.000,1.571,200
8001,1115,187.9216000000,99.3554000000,63.190,2.000,1.571,2
8001,1126,181.9290000000,99.2465000000,44.197,2.000,1.571,2
8002,1177,149.4309000000,94.7439000000,4.345,2.000,1.541,200
8002,1178,155.0296000000,94.8559000000,4.656,2.000,1.541,2
8002,1191,198.8441000000,98.4635000000,19.925,2.000,1.541,2
8002,1216,76.3303000000,98.8854000000,22.227,2.000,1.541,200
8002,1218,65.8862000000,99.3177000000,17.643,2.000,1.541,2
8002,1242,115.1329000000,98.6779000000,13.491,2.000,1.541,2
8002,1243,116.7539000000,98.6860000000,13.590,2.000,1.541,2
8002,1317,143.6333000000,98.9051000000,26.249,2.000,1.541,200
8002,1321,139.4507000000,98.8357000000,29.885,2.000,1.541,2
8002,1322,144.5309000000,98.8228000000,25.931,2.000,1.541,2
8002,1325,150.6001000000,98.6991000000,22.528,2.000,1.541,2
8002,1326,153.6770000000,98.8401000000,21.560,2.000,1.541,2
8002,1330,151.4780000000,98.7817000000,22.130,2.000,1.541,2
8002,1331,158.1058000000,98.8749000000,21.032,2.000,1.541,2
8002,1332,168.4047000000,98.6917000000,22.428,2.000,1.541,2
8002,1334,157.8363000000,98.7510000000,26.184,2.000,1.541,2
8002,1335,173.1518000000,98.9892000000,34.950,2.000,1.541,2
9001,200,96.8737000000,99.4297000000,38.509,1.500,1.593,900
9001,201,97.9277000000,99.4322000000,40.145,1.500,1.593,9
9001,202,102.2312000000,99.1459000000,39.310,1.500,1.593,9
9001,203,101.2802000000,99.2017000000,37.402,1.500,1.593,9
8000,621,166.7427000000,99.5389000000,27.316,2.000,1.590,9
8000,634,153.3080000000,99.5661000000,23.381,2.000,1.590,900
8000,635,149.7949000000,99.5094000000,21.671,2.000,1.590,9
8000,636,156.5361000000,99.4219000000,20.077,2.000,1.590,9
8000,641,129.9901000000,99.0357000000,15.751,2.000,1.590,900
8000,642,137.6606000000,98.9962000000,13.633,2.000,1.590,9
8000,643,142.8943000000,99.0323000000,14.868,2.000,1.590,9
8000,646,102.4564000000,98.8879000000,12.654,2.000,1.590,900
8000,647,105.4267000000,98.5212000000,10.057,2.000,1.590,9
8000,648,90.9347000000,98.6162000000,9.723,2.000,1.590,9
8000,649,91.2715000000,98.7147000000,12.343,2.000,1.590,9
8000,664,57.5713000000,98.5368000000,13.799,2.000,1.590,900
8000,665,49.3820000000,98.5438000000,14.928,2.000,1.590,9
8000,666,41.1493000000,98.0051000000,12.931,2.000,1.590,9
8000,667,49.9968000000,98.7095000000,11.577,2.000,1.590,9
8000,691,166.9885000000,99.6449000000,63.557,2.000,1.590,900
8000,692,168.1950000000,99.6795000000,66.075,2.000,1.590,9
8000,693,169.5096000000,99.2418000000,62.295,2.500,1.590,9
8000,703,166.7425000000,99.1971000000,56.993,2.500,1.590,900
8000,704,164.0956000000,99.0930000000,58.329,2.500,1.590,9
8000,705,162.5445000000,99.0607000000,55.927,2.500,1.590,9
8000,706,166.7750000000,99.1965000000,57.019,2.500,1.590,9
8000,722,156.0140000000,99.6574000000,43.151,2.000,1.590,900
8000,723,153.3956000000,99.4813000000,40.942,2.000,1.590,9
8000,724,150.3516000000,99.3622000000,42.640,2.000,1.590,9
8000,745,140.6656000000,98.5857000000,36.404,2.500,1.590,900
8000,746,143.9389000000,98.6841000000,34.452,2.500,1.590,9
8000,747,147.4583000000,98.7505000000,36.438,2.500,1.590,9
8000,761,131.6337000000,98.4231000000,32.482,2.500,1.590,900
8000,762,134.8243000000,98.5308000000,30.320,2.500,1.590,9
8000,763,129.9691000000,98.4429000000,28.656,2.500,1.590,9
8000,764,126.7986000000,98.3466000000,30.953,2.500,1.590,9
8000,794,113.6713000000,98.0922000000,27.757,2.500,1.590,900
8000,796,116.4761000000,98.1065000000,25.316,2.500,1.590,9
8000,797,109.7591000000,98.1036000000,24.196,2.500,1.590,9
8000,798,107.5061000000,98.1158000000,26.753,2.500,1.590,9
8000,802,107.8350000000,97.7823000000,26.861,2.500,1.590,9
8000,865,32.6582000000,98.8916000000,36.806,2.000,1.590,900
8000,866,37.2182000000,98.8597000000,37.274,2.000,1.590,9
8000,867,36.2399000000,98.8314000000,40.085,2.000,1.590,9
8000,868,30.5671000000,98.9243000000,39.519,2.000,1.590,9
8001,977,142.4716000000,100.7311000000,16.537,1.500,1.587,900
8001,978,151.4631000000,100.4489000000,14.052,1.500,1.587,9
8001,979,159.7767000000,100.2538000000,16.296,1.500,1.587,9
8001,980,150.7557000000,100.5526000000,18.472,1.500,1.587,9
8001,982,169.0366000000,100.1994000000,20.342,1.500,1.587,900
8001,983,173.0569000000,100.0899000000,22.980,1.500,1.587,9
8001,990,177.9054000000,99.9762000000,27.426,1.500,1.587,900
8001,991,180.2573000000,99.9478000000,30.276,1.500,1.587,9
8001,999,183.2486000000,99.9319000000,35.118,1.500,1.587,900
8001,1000,184.8131000000,99.8558000000,38.253,1.500,1.587,9
8001,1034,80.4636000000,99.2867000000,25.060,2.000,1.571,900
8001,1035,82.5277000000,99.0495000000,27.680,2.000,1.571,9
8001,1036,88.9659000000,99.0847000000,27.026,2.000,1.571,9
8001,1037,87.4831000000,99.2573000000,24.296,2.000,1.571,9
8001,1049,102.4374000000,99.0756000000,26.491,2.000,1.571,900
8001,1050,102.5368000000,99.2232000000,23.703,2.000,1.571,9
8001,1051,110.0548000000,99.1995000000,23.911,2.000,1.571,9
8001,1052,109.0379000000,99.0644000000,26.671,2.000,1.571,9
8001,1065,145.3356000000,99.2092000000,30.695,2.000,1.571,900
8001,1066,142.0505000000,99.2232000000,29.487,2.000,1.571,9
8001,1067,142.0611000000,99.1224000000,32.836,2.000,1.571,9
8001,1075,153.7338000000,99.2895000000,34.743,2.000,1.571,900
8001,1076,150.3030000000,99.0989000000,36.638,2.000,1.571,9
8001,1077,152.4418000000,98.9449000000,37.926,2.000,1.571,9
8001,1078,154.5957000000,99.1335000000,38.136,2.000,1.571,9
8001,1079,156.9926000000,99.2503000000,36.877,2.000,1.571,9
8001,1082,163.0808000000,99.2887000000,41.783,2.000,1.571,900
8001,1083,159.9523000000,99.1592000000,43.401,2.000,1.571,9
8001,1084,161.2440000000,99.1241000000,44.685,2.000,1.571,9
8001,1085,163.0986000000,99.2112000000,45.165,2.000,1.571,9
8001,1086,165.3835000000,99.3111000000,44.175,2.000,1.571,9
8001,1098,167.6072000000,99.3224000000,50.263,2.000,1.571,900
8001,1099,169.5965000000,99.3435000000,49.378,2.000,1.571,9
8001,1100,171.2721000000,99.3587000000,51.880,2.000,1.571,9
8001,1101,169.7424000000,99.3444000000,52.547,2.000,1.571,9
8001,1102,167.9312000000,99.2979000000,52.506,2.000,1.571,9
8001,1116,187.9549000000,99.2439000000,62.546,2.000,1.571,900
8001,1117,191.2920000000,99.1885000000,61.928,2.000,1.571,9
8001,1118,190.7622000000,99.1569000000,58.870,2.000,1.571,9
8001,1119,187.2433000000,99.2372000000,59.500,2.000,1.571,9
8001,1120,186.2065000000,99.2254000000,55.399,2.000,1.571,900
8001,1121,189.9216000000,99.1765000000,54.694,2.000,1.571,9
8001,1122,189.1936000000,99.1541000000,51.505,2.000,1.571,9
8001,1123,187.9119000000,99.0671000000,46.739,2.000,1.571,900
8001,1124,186.9659000000,99.0009000000,43.862,2.000,1.571,9
8001,1125,182.4128000000,99.1473000000,44.696,2.000,1.571,9
8002,1132,288.6746000000,99.1325000000,6.395,1.500,1.541,900
8002,1133,268.6396000000,99.6470000000,3.417,1.500,1.541,9
8002,1134,240.0156000000,99.6222000000,6.010,1.500,1.541,9
8002,1135,260.1562000000,99.0518000000,7.660,1.500,1.541,9
8002,1136,273.4238000000,99.1110000000,7.169,1.500,1.541,900
8002,1165,212.2173000000,99.0928000000,87.665,2.000,1.541,900
8002,1166,212.2950000000,99.0887000000,84.072,2.000,1.541,9
8002,1167,213.5147000000,99.0739000000,84.135,2.000,1.541,9
8002,1168,212.6742000000,99.0366000000,72.014,2.000,1.541,900
8002,1169,215.5845000000,99.0114000000,72.219,2.000,1.541,9
8002,1170,215.8241000000,99.0120000000,69.240,2.000,1.541,9
8002,1171,212.7958000000,99.0300000000,69.044,2.000,1.541,9
8002,1172,213.0561000000,99.0210000000,62.999,2.000,1.541,900
8002,1173,213.2265000000,98.9941000000,59.966,2.000,1.541,9
8002,1174,216.7023000000,98.9610000000,60.261,2.000,1.541,9
8002,1175,216.3698000000,98.9853000000,63.219,2.000,1.541,9
8002,1184,176.5710000000,95.1735000000,6.576,2.000,1.541,900
8002,1185,156.8497000000,93.5909000000,4.501,2.000,1.541,9
8002,1186,209.8915000000,89.9680000000,3.008,2.000,1.541,9
8002,1187,209.7176000000,94.2647000000,5.669,2.000,1.541,9
8002,1188,209.9447000000,96.8023000000,11.137,2.000,1.541,900
8002,1189,209.9942000000,97.3244000000,14.115,2.000,1.541,9
8002,1192,209.9284000000,98.0721000000,20.171,2.000,1.541,900
8002,1193,209.9602000000,98.3206000000,23.186,2.000,1.541,9
8002,1194,210.0063000000,98.5048000000,28.326,2.000,1.541,900
8002,1195,209.9678000000,98.5883000000,31.328,2.000,1.541,9
8002,1196,209.9790000000,98.7089000000,35.866,2.000,1.541,900
8002,1197,210.0122000000,98.7601000000,38.846,2.000,1.541,9
8002,1198,209.9974000000,98.8456000000,43.972,2.000,1.541,900
8002,1199,209.9905000000,98.8946000000,47.275,2.000,1.541,9
8002,1202,210.0021000000,98.9554000000,52.408,2.000,1.541,900
8002,1203,209.9990000000,98.9770000000,55.396,2.000,1.541,9
8002,1204,209.9988000000,99.0170000000,59.928,2.000,1.541,900
8002,1205,209.9758000000,99.0387000000,63.199,2.000,1.541,9
8002,1206,206.7090000000,99.0716000000,63.321,2.000,1.541,9
8002,1210,206.5218000000,99.0656000000,60.067,2.000,1.541,9
8002,1212,210.0071000000,99.1520000000,84.029,2.000,1.541,900
8002,1213,210.0087000000,99.1529000000,86.996,2.000,1.541,9
8002,1219,65.8727000000,99.3201000000,17.659,2.000,1.541,900
8002,1220,74.9991000000,99.1752000000,15.903,2.000,1.541,9
8002,1221,80.4178000000,98.4890000000,18.467,2.000,1.541,9
8002,1222,76.2456000000,98.5883000000,19.178,2.000,1.541,9
8002,1268,120.2668000000,98.1488000000,16.742,2.000,1.541,900
8002,1269,121.5136000000,98.0686000000,15.024,2.000,1.541,9
8002,1270,130.9049000000,98.2464000000,15.612,2.000,1.541,9
8002,1271,128.8449000000,97.9040000000,17.349,2.000,1.541,9
8000,726,154.1817000000,99.4735000000,41.112,2.000,1.590,1100
8000,727,153.9233000000,99.4751000000,41.247,2.000,1.590,11
8000,728,150.9466000000,99.4520000000,38.944,2.000,1.590,11
8002,1224,80.3245000000,98.5262000000,19.313,2.000,1.541,11
8002,1225,80.6330000000,98.5148000000,19.490,2.000,1.541,11
8002,1226,111.1662000000,98.1571000000,17.405,2.000,1.541,11
8002,1227,111.2147000000,98.1831000000,17.261,2.000,1.541,11
8002,1318,143.6127000000,98.9073000000,26.246,2.000,1.541,1100
8002,1319,149.7162000000,98.6821000000,22.614,2.000,1.541,11
8002,1341,171.8915000000,98.7227000000,24.508,2.000,1.541,11
8000,530,27.2442000000,100.4676000000,17.772,1.500,1.590,2600
8000,531,24.8271000000,100.4240000000,18.772,1.500,1.590,26
8000,532,29.1888000000,100.2560000000,19.733,1.500,1.590,26
8000,533,31.7582000000,100.3022000000,18.765,1.500,1.590,26
8000,534,27.2672000000,100.4442000000,17.770,1.500,1.590,26
8002,1228,81.4662000000,98.5359000000,18.313,2.000,1.541,26
8002,1229,79.3139000000,98.6562000000,17.061,2.000,1.541,26
8002,1230,83.8945000000,98.5579000000,16.415,2.000,1.541,26
8002,1231,85.9402000000,98.5201000000,17.747,2.000,1.541,26
8000,535,28.0457000000,100.4727000000,17.464,1.500,1.590,2600
8000,536,32.6379000000,100.3127000000,18.490,1.500,1.590,26
8000,537,38.3972000000,100.3863000000,16.798,1.500,1.590,26
8000,538,33.8105000000,100.5324000000,15.640,1.500,1.590,26
8000,539,28.0486000000,100.4614000000,17.455,1.500,1.590,26
8002,1232,87.3317000000,98.5513000000,17.571,2.000,1.541,26
8002,1233,85.5425000000,98.6329000000,16.482,2.000,1.541,26
8002,1234,95.7071000000,98.4802000000,16.919,2.000,1.541,26
8002,1235,98.5772000000,98.4634000000,16.723,2.000,1.541,26
8002,1236,98.1540000000,98.4576000000,16.061,2.000,1.541,26
8002,1140,308.7597000000,99.3326000000,7.164,1.500,1.541,2600
8002,1141,309.0968000000,99.2680000000,8.719,1.500,1.541,26
8002,1142,297.9452000000,99.1888000000,8.889,1.500,1.541,26
8002,1143,295.3728000000,99.1917000000,7.385,1.500,1.541,26
8002,1144,302.1742000000,99.1836000000,7.227,1.500,1.541,26
8002,1152,226.9932000000,98.9165000000,54.770,2.000,1.541,26
8002,1153,228.2179000000,98.8314000000,52.198,2.000,1.541,26
8002,1237,100.3124000000,98.4233000000,16.886,2.000,1.541,26
8002,1238,106.1278000000,98.3445000000,16.754,2.000,1.541,26
8002,1239,105.3029000000,98.4415000000,13.884,2.000,1.541,26
8002,1240,98.2799000000,98.5363000000,14.092,2.000,1.541,26
8002,1246,112.6070000000,98.1490000000,16.886,2.000,1.541,26
8002,1,97.9997000000,98.3097000000,22.567,2.000,1.541,26
8002,1145,284.0891000000,99.0358000000,16.151,1.500,1.541,5000
8002,1146,250.2047000000,97.6037000000,25.241,2.000,1.541,50
8002,1147,235.9736000000,98.3766000000,37.625,2.000,1.541,50
8002,1150,227.9180000000,98.8723000000,53.873,2.000,1.541,50
8002,1154,223.4128000000,98.9921000000,71.722,2.000,1.541,50
8002,1155,220.9180000000,99.0101000000,88.059,2.000,1.541,50
8002,1161,220.5160000000,99.0225000000,90.475,2.000,1.541,5000
8002,1162,220.2077000000,99.0241000000,90.415,2.000,1.541,50
8002,1163,219.2220000000,99.0602000000,100.392,2.000,1.541,50
8002,1158,220.7246000000,99.0179000000,90.183,2.000,1.541,5500
8002,1159,220.5420000000,99.0222000000,90.152,2.000,1.541,55
8002,1160,220.5241000000,99.0227000000,90.465,2.000,1.541,55
8000,836,73.1687000000,98.0262000000,26.130,2.500,1.590,5700
8000,837,72.5701000000,98.0512000000,25.014,2.500,1.590,57
8000,838,69.8741000000,97.9781000000,25.301,2.500,1.590,57
8002,2,107.9583000000,98.2141000000,22.168,2.000,1.541,5700
8002,3,107.9882000000,98.2255000000,21.914,2.000,1.541,57
8002,4,115.2095000000,98.1742000000,21.755,2.000,1.541,57
8002,5,115.2657000000,98.1639000000,22.248,2.000,1.541,57
8002,6,115.2584000000,98.1642000000,22.250,2.000,1.541,57
8000,732,150.1608000000,99.6297000000,37.910,2.000,1.590,5800
8000,733,150.1382000000,99.6348000000,38.072,2.000,1.590,58
8000,734,156.8290000000,99.2447000000,34.965,2.000,1.590,58
8000,735,164.5278000000,99.5906000000,32.409,2.000,1.590,58
8000,736,169.3420000000,98.8138000000,37.632,2.500,1.590,58
8000,737,162.3921000000,98.5334000000,39.784,2.500,1.590,58
8000,738,155.9345000000,98.8926000000,42.480,2.500,1.590,58
8001,1004,181.4716000000,99.2490000000,44.528,2.000,1.571,58
8001,1004,378.5464000000,300.9522000000,,2.000,1.571,58
8001,1006,163.3288000000,98.7843000000,30.810,2.000,1.571,58
8001,1007,145.3879000000,98.5301000000,22.552,2.000,1.571,58
8001,1108,181.2711000000,99.1217000000,55.605,2.000,1.571,5800
8001,1109,184.2338000000,99.2102000000,65.082,2.000,1.571,58
8002,1181,148.6263000000,95.8453000000,6.762,2.000,1.541,5800
8002,1182,180.5541000000,97.3703000000,12.385,2.000,1.541,58
8002,1183,178.4513000000,97.6488000000,15.826,2.000,1.541,58
8002,1273,119.3583000000,98.6687000000,13.694,2.000,1.541,5800
8002,1274,134.0145000000,98.7875000000,14.351,2.000,1.541,58
8002,1275,137.7425000000,97.1351000000,10.737,2.000,1.541,58
8002,1276,155.9566000000,95.1574000000,4.941,2.000,1.541,58
8002,1277,155.9635000000,95.1553000000,4.939,2.000,1.541,58
8002,1278,104.7872000000,94.4051000000,3.573,2.000,1.541,58
8002,1279,115.3236000000,96.2166000000,8.091,2.000,1.541,58
8000,670,17.9881000000,98.8656000000,53.765,2.000,1.590,5900
8000,671,20.5259000000,98.9260000000,45.771,2.000,1.590,59
8000,672,23.3501000000,98.7027000000,36.689,2.000,1.590,59
8000,673,24.4868000000,98.8651000000,34.546,2.000,1.590,59
8000,674,34.6210000000,98.6953000000,25.736,2.000,1.590,59
8000,675,55.8099000000,98.4521000000,19.862,2.000,1.590,59
8000,676,83.2857000000,98.4167000000,17.586,2.000,1.590,59
8000,677,114.9436000000,98.6329000000,19.290,2.000,1.590,59
8000,678,140.1848000000,99.0430000000,25.337,2.000,1.590,59
8000,679,156.8449000000,99.2477000000,34.740,2.000,1.590,59
8000,680,167.1884000000,99.4246000000,45.971,2.000,1.590,59
8000,681,174.2930000000,99.4419000000,58.990,2.000,1.590,59
8000,682,175.0092000000,99.5135000000,61.683,2.000,1.590,59
8000,695,169.7126000000,99.2467000000,62.209,2.500,1.590,6400
8000,709,164.1213000000,99.1195000000,52.246,2.500,1.590,64
8000,729,150.2268000000,99.6248000000,37.999,2.000,1.590,64
8000,750,142.5639000000,98.6461000000,33.365,2.500,1.590,64
8000,769,127.8355000000,98.3985000000,27.737,2.500,1.590,64
8000,842,72.4789000000,98.0060000000,23.084,2.500,1.590,64
8001,1003,182.1823000000,99.9527000000,46.216,1.500,1.587,6400
8001,1005,168.5934000000,99.0937000000,27.922,2.000,1.571,6400
8001,1008,145.6655000000,98.8765000000,18.028,2.000,1.571,64
8001,1009,97.3167000000,98.6693000000,13.777,2.000,1.571,64
8001,1010,86.2495000000,98.5912000000,14.047,2.000,1.571,64
8001,1011,77.1187000000,98.7383000000,12.670,2.000,1.571,64
8002,1342,168.8209000000,98.7506000000,22.431,2.000,1.541,64
8002,1348,177.1195000000,98.8169000000,27.501,2.000,1.541,64
8001,1015,72.3427000000,99.3283000000,26.226,2.000,1.571,6400
8001,1043,94.7464000000,99.2849000000,23.676,2.000,1.571,64
8001,1057,131.6993000000,99.2264000000,26.380,2.000,1.571,64
8001,1074,152.7620000000,99.2871000000,33.883,2.000,1.571,64
8001,1088,167.4152000000,99.3205000000,46.027,2.000,1.571,64
8001,1105,171.8832000000,99.3666000000,52.371,2.000,1.571,64
8002,1349,141.8775000000,98.5944000000,21.245,2.000,1.541,64
8002,1350,149.5639000000,98.6248000000,23.069,2.000,1.541,64
8002,1351,143.9243000000,98.8850000000,26.371,2.000,1.541,64
8002,1352,136.9046000000,98.7977000000,24.796,2.000,1.541,64
8002,1353,136.9303000000,98.7990000000,24.801,2.000,1.541,64
8001,1111,187.4021000000,99.3401000000,63.295,2.000,1.571,6400
8001,1128,181.4054000000,99.2454000000,44.370,2.000,1.571,64
8002,1180,154.9666000000,95.5529000000,5.181,2.000,1.541,6400
8002,1272,117.6852000000,98.5973000000,13.332,2.000,1.541,6400
8000,697,166.4217000000,99.0887000000,68.474,2.500,1.590,20100
8000,713,157.3976000000,98.8544000000,54.016,2.500,1.590,201
8000,741,150.7353000000,98.6385000000,38.936,2.500,1.590,20100
8000,753,140.8209000000,98.3945000000,36.501,2.500,1.590,20100
8000,755,138.6477000000,98.3661000000,37.928,2.500,1.590,201
8000,758,129.3492000000,98.1729000000,34.022,2.500,1.590,201
8000,759,131.3611000000,98.2440000000,32.399,2.500,1.590,201
8000,766,127.0508000000,98.1605000000,31.039,2.500,1.590,20100
8000,779,125.2250000000,98.0828000000,32.640,2.500,1.590,201
8000,780,124.1916000000,98.3194000000,32.186,2.500,1.590,201
8000,781,124.1083000000,98.2341000000,32.281,2.500,1.590,201
8000,782,119.5679000000,98.2170000000,31.038,2.500,1.590,201
8000,783,119.6672000000,98.2912000000,30.910,2.500,1.590,201
8000,785,118.5599000000,97.9694000000,30.803,2.500,1.590,201
8000,790,112.4790000000,97.8711000000,29.561,2.500,1.590,201
8000,793,113.2767000000,97.8865000000,27.757,2.500,1.590,20100
8000,805,106.5637000000,97.7631000000,28.609,2.500,1.590,20100
8000,806,105.1175000000,98.0082000000,28.419,2.500,1.590,201
8000,809,99.8944000000,97.9758000000,27.833,2.500,1.590,201
8000,810,98.4276000000,97.6569000000,27.714,2.500,1.590,201
8000,815,90.3076000000,97.6257000000,27.291,2.500,1.590,201
8000,816,90.4489000000,97.5950000000,25.451,2.500,1.590,201
8000,824,84.2403000000,97.5680000000,25.425,2.500,1.590,201
8000,825,84.4715000000,97.5402000000,27.316,2.500,1.590,201
8000,828,82.8962000000,97.8294000000,27.354,2.500,1.590,201
8000,830,78.1850500000,97.8495000000,27.556,2.500,1.590,201
8000,833,76.6331000000,97.6738000000,27.668,2.500,1.590,201
8000,834,71.1673000000,97.6053000000,28.158,2.500,1.590,201
8000,839,69.9875000000,97.6013000000,26.405,2.500,1.590,201
8000,846,64.3133000000,97.4489000000,27.276,2.500,1.590,201
8000,847,64.1527000000,97.6014000000,29.157,2.500,1.590,20100
8001,925,344.0714000000,104.1399000000,12.216,1.500,1.587,20100
8001,926,367.7174000000,103.8295000000,8.920,1.500,1.587,201
8001,927,1.8478000000,104.0581000000,7.601,1.500,1.587,201
8001,932,9.2292000000,104.2405000000,7.610,1.500,1.587,201
8001,933,36.2200000000,102.7752000000,8.743,1.500,1.587,201
8001,936,48.5760000000,101.8990000000,10.015,1.500,1.587,201
8001,937,57.0370000000,101.5749000000,10.893,1.500,1.587,201
8001,938,61.8505000000,101.6406000000,11.355,1.500,1.587,201
8001,939,65.6151000000,101.4139000000,11.669,1.500,1.587,201
8001,940,65.5123000000,101.6007000000,11.642,1.500,1.587,201
8001,941,72.9059000000,101.4203000000,12.163,1.500,1.587,201
8001,942,82.3645000000,101.2011000000,12.734,1.500,1.587,201
8001,943,89.7484000000,100.9798000000,13.052,1.500,1.587,201
8001,944,95.8575000000,100.9491000000,13.252,1.500,1.587,201
8001,945,105.6521000000,100.7740000000,13.259,1.500,1.587,201
8001,975,141.4189000000,100.7320000000,16.339,1.500,1.587,201
8001,986,169.2720000000,100.2380000000,27.248,1.500,1.587,201
8001,993,174.1326000000,100.0981000000,31.688,1.500,1.587,201
8001,1001,181.3863000000,99.9265000000,42.513,1.500,1.587,201
8001,1023,71.6253000000,98.9502000000,32.809,2.000,1.571,20100
8001,1047,104.0740000000,98.8220000000,29.274,2.000,1.571,201
8001,1070,142.9530000000,98.9187000000,36.758,2.000,1.571,201
8001,1106,167.3355000000,99.1090000000,57.157,2.000,1.571,201
8001,1113,188.1318000000,99.3325000000,63.709,2.000,1.571,20100
8001,1114,188.0197500000,99.2494500000,63.154,2.000,1.571,201
8001,1127,182.1449000000,99.1309000000,44.135,2.000,1.571,201
8002,1320,139.8394000000,98.6414000000,30.026,2.000,1.541,20100
8002,1323,144.9026000000,98.6490000000,26.026,2.000,1.541,201
8002,1324,151.0167000000,98.6184000000,22.585,2.000,1.541,201
8002,1327,154.1634000000,98.6003000000,21.643,2.000,1.541,201
8002,1328,158.1432000000,98.5778000000,21.197,2.000,1.541,201
8002,1329,167.5570000000,98.3996000000,22.419,2.000,1.541,201
8002,1333,157.3468000000,98.5263000000,26.190,2.000,1.541,201
8002,1336,172.9369000000,98.8240000000,35.021,2.000,1.541,201
8002,1176,150.2987000000,94.3881000000,4.244,2.000,1.541,20100
8002,1179,155.9198000000,93.6493000000,4.557,2.000,1.541,201
8002,1190,199.0883000000,98.3311000000,19.371,2.000,1.541,201
8002,1201,205.3910000000,98.9503000000,45.718,2.000,1.541,201
8002,1207,206.7053000000,99.0720000000,63.322,2.000,1.541,201
8002,1215,76.9053000000,98.6377000000,22.287,2.000,1.541,20100
8002,1244,116.6367000000,98.3321000000,13.820,2.000,1.541,20100
8002,1245,75.3681000000,98.7814000000,16.050,2.000,1.541,201
8000,613,181.9132000000,100.2502000000,37.443,1.500,1.590,1
8000,614,185.9672000000,100.1959000000,36.961,1.500,1.590,1
8000,615,186.9207000000,100.1848000000,40.529,1.500,1.590,1
9001,240,136.1570000000,97.4172000000,39.970,1.500,1.593,2
9001,241,133.2682000000,97.4973000000,36.721,1.500,1.593,2
9001,242,131.0511000000,97.5614000000,35.119,1.500,1.593,2
9001,243,125.6568000000,97.8250000000,32.573,1.500,1.593,2
9001,244,121.0085000000,98.0279000000,31.374,1.500,1.593,2
9001,245,119.8701000000,98.0604000000,30.972,1.500,1.593,2
9001,246,119.8640000000,98.0374000000,30.318,1.500,1.593,2
9001,247,121.4771000000,97.9208000000,29.633,1.500,1.593,2
9001,248,123.3616000000,97.7865000000,28.978,1.500,1.593,2
9001,249,125.4979000000,97.6554000000,28.267,1.500,1.593,2
9001,250,129.3969000000,97.4655000000,27.022,1.500,1.593,2
9001,251,132.0698000000,97.3193000000,26.261,1.500,1.593,2
9001,252,133.2263000000,97.2754000000,26.103,1.500,1.593,2
9001,253,134.3318000000,97.2537000000,26.519,1.500,1.593,2
9001,254,134.5520000000,97.2016000000,28.419,1.500,1.593,2
9001,255,134.7782000000,97.1881000000,30.382,1.500,1.593,2
9001,256,135.1836000000,97.2047000000,32.301,1.500,1.593,2
9001,257,135.6538000000,97.2504000000,34.389,1.500,1.593,2
9001,258,136.0621000000,97.3177000000,36.278,1.500,1.593,2
9001,259,136.4224000000,97.3853000000,38.317,1.500,1.593,2
9001,260,136.6330000000,97.4251000000,39.513,1.500,1.593,2
9001,261,128.3010000000,97.6907000000,33.656,1.500,1.593,2
9001,374,254.7486000000,99.1559000000,12.906,1.500,1.593,2
9001,375,259.3401000000,99.4249000000,14.386,1.500,1.593,2
9001,376,261.0318000000,99.5539000000,15.376,1.500,1.593,2
9001,377,262.4688000000,99.7555000000,16.356,1.500,1.593,2
9001,378,264.6624000000,99.9706000000,17.821,1.500,1.593,2
9001,379,266.0840000000,100.1421000000,18.714,1.500,1.593,2
9001,380,269.1576000000,100.5032000000,21.171,1.500,1.593,2
9001,381,271.7495000000,100.5737000000,23.438,1.500,1.593,2
9001,382,273.6600000000,100.6128000000,25.246,1.500,1.593,2
9001,383,276.3865000000,100.6930000000,27.978,1.500,1.593,2
9001,384,273.8093000000,100.3634000000,28.328,1.500,1.593,2
9001,385,270.8180000000,100.1545000000,28.776,1.500,1.593,2
9001,386,263.3619000000,99.5377000000,30.357,1.500,1.593,2
9001,387,259.0598000000,99.5365000000,31.532,1.500,1.593,2
9001,388,256.8310000000,99.3497000000,29.728,1.500,1.593,2
9001,389,255.5789000000,99.2461000000,28.807,1.500,1.593,2
9001,390,251.7991000000,98.9399000000,25.003,1.500,1.593,2
9001,393,251.3566000000,98.8947000000,24.307,1.500,1.593,2
9001,394,250.1608000000,98.8216000000,22.607,1.500,1.593,2
9001,395,248.8489000000,98.6788000000,20.573,1.500,1.593,2
9001,400,246.4459000000,98.4552000000,15.860,1.500,1.593,2
9001,401,245.6063000000,98.5971000000,14.148,1.500,1.593,2
9001,402,247.2588000000,98.7202000000,13.237,1.500,1.593,2
8000,558,72.1431000000,101.8565000000,10.024,1.500,1.590,2
8000,853,51.2465000000,97.9726000000,32.065,2.500,1.590,2
8000,854,44.9645000000,98.1148000000,28.621,2.500,1.590,2
8000,861,35.7953000000,99.1488000000,33.691,2.000,1.590,2
8000,863,32.4128000000,99.1463000000,36.749,2.000,1.590,2
8002,1200,205.1864000000,98.9575000000,45.760,2.000,1.541,2
8002,1208,206.5346000000,99.1394000000,63.338,2.000,1.541,2
8002,1283,136.0486000000,98.7631000000,14.777,2.000,1.541,2
8002,1284,140.0851000000,98.9055000000,15.565,2.000,1.541,2
8002,1287,142.0821000000,98.9792000000,16.114,2.000,1.541,2
8002,1288,143.8458000000,98.9299000000,16.927,2.000,1.541,2
8002,1292,144.7823000000,98.8856000000,18.259,2.000,1.541,2
8002,1295,143.3203000000,98.6555000000,20.435,2.000,1.541,2
8002,1301,141.3768000000,98.6258000000,21.470,2.000,1.541,2
8002,1302,140.5599000000,98.5567000000,21.932,2.000,1.541,2
8002,1305,137.2907000000,98.6877000000,24.432,2.000,1.541,2
8002,1306,133.3900000000,98.8374000000,28.274,2.000,1.541,2
9001,230,125.6223500000,98.0841000000,38.073,1.500,1.593,3
9001,282,156.8269000000,96.7687000000,17.442,1.500,1.593,3
9001,283,161.1846000000,96.6594000000,17.122,1.500,1.593,3
9001,285,147.0291000000,96.6377000000,9.846,1.500,1.593,3
9001,337,241.5683000000,99.3305000000,37.764,1.500,1.593,3
9001,338,239.8926000000,99.3720000000,38.954,1.500,1.593,3
9001,339,241.0263000000,99.3539000000,39.614,1.500,1.593,3
9001,342,246.0877000000,99.4856000000,43.538,1.500,1.593,3
9001,348,174.1782000000,97.8425000000,30.315,1.500,1.593,3
9001,471,275.0302000000,100.1233000000,43.442,1.500,1.573,3
9001,472,280.5505000000,100.0686000000,44.614,1.500,1.573,3
8000,698,162.6792000000,99.0355000000,66.726,2.500,1.590,3
8000,699,161.2416000000,99.0130000000,64.372,2.500,1.590,3
8000,754,140.2407000000,98.4102000000,38.516,2.500,1.590,3
8000,777,121.0067000000,98.1729000000,31.953,2.500,1.590,3
8000,812,96.9354000000,97.7044000000,29.177,2.500,1.590,3
8000,829,81.3634000000,97.6423000000,29.427,2.500,1.590,3
8000,849,64.2917000000,97.6858000000,31.217,2.500,1.590,3
8000,875,186.6803000000,98.6410000000,16.722,2.000,1.590,3
8001,1028,83.4622000000,99.0883000000,29.034,2.000,1.571,3
8001,1097,165.1024000000,99.2337000000,51.515,2.000,1.571,3
8002,1241,114.5030000000,98.3297000000,14.192,2.000,1.541,3
8002,1296,144.0078000000,98.6604000000,20.873,2.000,1.541,3
8002,1298,160.5087000000,98.4848000000,17.731,2.000,1.541,3
8002,1299,164.3094000000,97.9861000000,16.567,2.000,1.541,3
8002,1337,165.4401000000,98.6380000000,28.173,2.000,1.541,3
9001,104,355.3896000000,104.2950000000,14.699,1.500,1.531,4
9001,105,349.8758000000,104.5446000000,5.574,1.500,1.531,4
9001,368,248.0800000000,99.7487000000,68.108,1.500,1.593,4
9001,496,278.0367000000,99.8709000000,105.586,1.500,1.573,4
9001,499,278.3844000000,99.9144000000,97.053,1.500,1.573,4
9001,505,278.8621000000,99.9194000000,87.639,1.500,1.573,4
9001,507,279.1961000000,99.9225000000,83.378,1.500,1.573,4
9001,509,279.7154000000,99.9015000000,76.067,1.500,1.573,4
9001,513,282.2490000000,99.8546000000,52.468,1.500,1.573,4
9001,515,272.1924000000,99.9340000000,37.474,1.700,1.573,4
8000,715,154.5648000000,99.5612000000,47.059,2.000,1.590,4
8001,1096,161.2669000000,99.0335000000,51.485,2.000,1.571,4
9001,100,380.5295000000,104.3658000000,28.031,1.500,1.531,5
9001,209,105.4873000000,99.0179000000,37.531,1.500,1.593,5
9001,369,248.6193000000,99.7440000000,68.050,1.500,1.593,5
9001,372,248.1787000000,99.6430000000,55.901,1.500,1.593,5
9001,427,268.3170000000,99.8601000000,24.231,1.500,1.593,5
9001,502,278.6525000000,99.9120000000,90.666,1.500,1.573,5
8000,548,72.3533000000,101.4302000000,12.152,1.500,1.590,5
8000,623,163.2235000000,99.5739000000,26.488,2.000,1.590,5
8000,624,161.0096000000,99.5845000000,26.731,2.000,1.590,5
8000,625,159.2399000000,99.6134000000,25.703,2.000,1.590,5
8000,652,72.7573000000,98.8065000000,12.123,2.000,1.590,5
8000,662,62.0150000000,98.8120000000,12.488,2.000,1.590,5
8000,744,143.0506000000,98.4682000000,38.223,2.500,1.590,5
8000,776,119.4353000000,98.2686000000,29.500,2.500,1.590,5
8000,851,56.3632000000,97.9787000000,29.321,2.500,1.590,5
8000,906,197.3819000000,99.7145000000,123.280,1.700,1.590,5
8001,988,172.1152000000,100.0918000000,27.720,1.500,1.587,5
8001,995,175.7843000000,100.0254000000,31.951,1.500,1.587,5
8001,996,176.0987000000,100.0233000000,32.332,1.500,1.587,5
8001,1026,84.5359000000,98.9092000000,32.921,2.000,1.571,5
8001,1063,131.7097000000,99.1017000000,30.128,2.000,1.571,5
8001,1094,164.3564000000,99.2447000000,48.211,2.000,1.571,5
8002,1151,226.3454000000,98.8977000000,54.551,2.000,1.541,5
8002,1260,122.4821000000,98.1306000000,19.856,2.000,1.541,5
8002,1261,130.0858000000,98.2316000000,20.563,2.000,1.541,5
9001,212,89.3002000000,99.9675000000,44.729,1.500,1.593,7
9001,305,236.2468000000,97.9615000000,16.622,1.500,1.593,7
9001,501,277.2962000000,99.9815000000,93.182,1.500,1.573,7
9001,508,275.1956000000,99.9743000000,84.850,1.500,1.573,7
8000,873,180.4644000000,97.6544000000,10.764,2.000,1.590,7
8000,892,186.6140000000,100.2442000000,68.076,1.500,1.590,7
8001,958,62.5324000000,101.4496000000,10.762,1.500,1.587,7
9001,475,283.9421000000,100.0274000000,42.294,1.500,1.573,8
9001,497,278.1148000000,99.8977000000,100.219,1.500,1.573,8
9001,498,278.1877000000,99.9047000000,99.941,1.500,1.573,8
9001,503,278.7112000000,99.9148000000,89.859,1.500,1.573,8
9001,510,280.7215000000,99.8657000000,60.499,1.500,1.573,8
9001,512,281.8580000000,99.8620000000,54.322,1.500,1.573,8
9001,514,282.6683000000,99.9108000000,48.581,1.500,1.573,8
8001,1045,102.9100000000,98.8472000000,31.675,2.000,1.571,8
8001,1046,103.3099000000,98.8417000000,31.841,2.000,1.571,8
9001,237,130.8812000000,97.4270000000,44.291,1.500,1.593,9
9001,238,126.0329000000,97.5400000000,43.464,1.500,1.593,9
9001,239,129.0371000000,97.5306000000,41.912,1.500,1.593,9
8000,618,163.3740000000,100.2056000000,30.423,1.700,1.590,9
8000,619,161.1553000000,100.2364000000,28.587,1.700,1.590,9
8000,620,166.7178000000,100.2382000000,27.327,1.700,1.590,9
8001,918,17.7997000000,100.3460000000,41.818,1.500,1.587,9
8001,919,18.7152000000,100.3578000000,39.660,1.500,1.587,9
8001,920,22.8477000000,100.4010000000,40.472,1.500,1.587,9
8001,921,21.7418000000,100.3264000000,42.549,1.500,1.587,9
8001,960,48.7135000000,100.7592000000,17.891,1.500,1.587,9
8001,961,45.9946000000,100.8039000000,17.638,1.500,1.587,9
8001,962,43.1849000000,100.7878000000,18.040,1.500,1.587,9
8001,963,42.6569000000,100.7386000000,19.384,1.500,1.587,9
8001,964,45.0348000000,100.6924000000,19.980,1.500,1.587,9
8001,965,48.6015000000,100.6423000000,19.826,1.500,1.587,9
8001,966,50.3117000000,100.7159000000,18.618,1.500,1.587,9
8002,1343,167.2696000000,98.5167000000,26.578,2.000,1.541,9
8002,1344,172.6572000000,98.7296000000,25.005,2.000,1.541,9
8002,1345,176.3826000000,98.7896000000,27.423,2.000,1.541,9
8002,1346,171.1942000000,98.6706000000,28.776,2.000,1.541,9
8000,550,73.7362000000,101.1188000000,12.814,1.500,1.590,10
8000,608,175.6594000000,100.3764000000,47.851,1.500,1.590,10
8000,617,165.8433000000,100.2150000000,33.062,1.700,1.590,10
8000,638,149.0164000000,99.4793000000,21.580,2.000,1.590,10
8000,661,73.6711000000,98.6444000000,12.819,2.000,1.590,10
8001,973,122.6485000000,100.9620000000,14.396,1.500,1.587,10
8001,1110,187.4931000000,99.3395000000,62.959,2.000,1.571,10
9001,101,378.3287000000,104.5663000000,27.932,1.500,1.531,11
9001,103,358.4148000000,104.5972000000,17.848,1.500,1.531,11
9001,121,358.0882000000,104.7876000000,17.847,1.500,1.593,11
9001,144,74.8513000000,100.1775000000,33.857,2.000,1.593,11
9001,223,118.6118000000,98.5252000000,36.485,1.500,1.593,11
9001,308,212.9835000000,97.0913000000,20.122,1.500,1.593,11
9001,309,219.2903000000,97.5492000000,23.106,1.500,1.593,11
9001,318,224.0958000000,98.7640000000,29.400,1.500,1.593,11
9001,340,248.0624000000,99.7874000000,40.632,1.500,1.593,11
9001,349,170.2878000000,97.8070000000,27.190,1.500,1.593,11
9001,365,247.1042000000,99.7621000000,71.807,1.500,1.593,11
9001,396,248.4448000000,98.4247000000,20.534,1.500,1.593,11
9001,398,246.3661000000,98.2137000000,16.636,1.500,1.593,11
9001,516,271.8955000000,100.1602000000,52.227,1.500,1.573,11
8000,540,41.1625000000,101.5962000000,11.101,1.500,1.590,11
8000,551,71.7262000000,102.2019000000,8.810,1.500,1.590,11
8000,571,165.8513000000,100.4173000000,33.295,1.500,1.590,11
8000,572,168.8956000000,99.5438000000,36.645,2.000,1.590,11
8000,633,156.9162000000,99.6173000000,25.011,2.000,1.590,11
8000,639,149.5497000000,99.5326000000,20.370,2.000,1.590,11
8000,640,144.4136000000,99.4471000000,18.371,2.000,1.590,11
8000,645,124.5170000000,99.1030000000,13.467,2.000,1.590,11
8000,660,71.8075000000,98.6009000000,8.870,2.000,1.590,11
8000,669,39.4250000000,98.5063000000,10.992,2.000,1.590,11
8000,701,167.2636000000,99.2087000000,58.062,2.500,1.590,11
8000,711,161.9374000000,99.0768000000,49.776,2.500,1.590,11
8000,751,139.0056000000,98.5800000000,32.145,2.500,1.590,11
8000,768,126.1068000000,98.3599000000,27.669,2.500,1.590,11
8000,795,119.0162000000,98.1617000000,25.789,2.500,1.590,11
8000,800,100.0502000000,98.0733000000,23.131,2.500,1.590,11
8000,801,104.6345000000,98.0757000000,23.309,2.500,1.590,11
8000,822,82.0670000000,98.0195000000,22.712,2.500,1.590,11
8000,859,35.8144000000,99.1410000000,33.308,2.000,1.590,11
8001,974,139.9884000000,100.8154000000,16.143,1.500,1.587,11
8001,1014,71.3294000000,99.3604000000,26.657,2.000,1.571,11
8001,1041,97.6855000000,99.2423000000,23.885,2.000,1.571,11
8001,1055,123.2371000000,99.1827000000,25.249,2.000,1.571,11
8001,1069,146.1996000000,99.2342000000,31.011,2.000,1.571,11
8001,1081,158.2944000000,99.2698000000,37.734,2.000,1.571,11
8001,1089,168.0667000000,99.3290000000,47.308,2.000,1.571,11
8002,1217,64.1985000000,99.4185000000,18.463,2.000,1.541,11
8002,1267,131.0699000000,98.2719000000,15.440,2.000,1.541,12
9001,211,86.1755000000,100.1621000000,47.965,1.500,1.593,13
9001,215,106.5466000000,98.9625000000,37.363,1.500,1.593,13
9001,231,123.9245000000,97.8001000000,39.971,1.500,1.593,13
9001,284,166.6387000000,96.2146000000,18.071,1.500,1.593,13
9001,295,198.5121000000,96.4869000000,17.289,1.500,1.593,13
9001,336,238.4420000000,99.1954000000,36.609,1.500,1.593,13
9001,347,187.1317000000,97.9112000000,27.395,1.500,1.593,13
9001,392,253.0973000000,98.6333000000,23.283,1.500,1.593,13
9001,428,270.5516000000,99.9786000000,25.336,1.500,1.593,13
9001,468,269.1095000000,99.8830000000,46.068,1.500,1.573,13
8000,545,60.3297000000,101.6214000000,11.497,1.500,1.590,13
8000,549,71.2913000000,101.0135000000,11.067,1.500,1.590,13
8000,599,181.5482000000,100.2617000000,53.278,1.500,1.590,13
8000,603,178.5830000000,100.2496000000,49.427,1.500,1.590,13
8000,606,176.7366000000,100.2667000000,48.059,1.500,1.590,13
8000,626,161.0631000000,99.2718000000,25.030,2.000,1.590,13
8000,653,71.9896000000,98.1099000000,10.896,2.000,1.590,13
8000,702,166.1939000000,99.1995000000,57.927,2.500,1.590,13
8000,721,156.1560000000,99.4549000000,46.208,2.000,1.590,13
8000,770,120.9308000000,98.0189000000,28.219,2.500,1.590,13
8000,823,78.3247000000,98.1373000000,23.936,2.500,1.590,13
8000,850,55.2069000000,97.7592000000,27.817,2.500,1.590,13
8000,908,197.4182000000,99.6650000000,142.180,1.700,1.590,13
8001,954,102.0148000000,100.8362000000,11.622,1.500,1.587,13
8001,997,177.6570000000,99.9820000000,32.030,1.500,1.587,13
8001,1021,74.8914000000,98.9783000000,27.577,2.000,1.571,13
8001,1058,132.9010000000,98.9324000000,28.784,2.000,1.571,13
8001,1093,165.5271000000,99.1273000000,47.480,2.000,1.571,13
8002,1266,130.8809000000,98.1454000000,16.279,2.000,1.541,13
8000,663,60.9288000000,98.9003000000,11.701,2.000,1.590,16
8001,955,91.4596000000,101.0851000000,11.399,1.500,1.587,16
8001,989,173.3576000000,100.0884000000,27.305,1.500,1.587,16
8001,1042,95.5614000000,99.3017000000,24.807,2.000,1.571,16
8001,1073,151.2435000000,99.3001000000,34.875,2.000,1.571,16
8001,1104,171.1778000000,99.4292000000,53.723,2.000,1.571,16
8002,1265,134.7684000000,98.0203000000,17.759,2.000,1.541,16
8002,1340,162.4523000000,98.5761000000,22.535,2.000,1.541,16
8000,616,185.6315000000,100.2119000000,35.952,1.500,1.590,18
9001,102,377.6932000000,104.4140000000,23.922,1.500,1.531,19
9001,106,360.6824000000,105.6582000000,4.646,1.500,1.531,19
9001,133,112.4107000000,96.6039000000,5.404,1.500,1.593,19
9001,141,86.0729000000,99.9257000000,26.047,1.500,1.593,19
9001,147,55.9915000000,102.1367000000,36.974,2.000,1.593,19
9001,216,108.1042000000,98.8925000000,37.161,1.500,1.593,19
9001,234,128.4873000000,97.5318000000,42.100,1.500,1.593,19
9001,262,135.0136000000,97.3093000000,36.927,1.500,1.593,19
9001,263,122.6438500000,97.7883500000,30.730,1.500,1.593,19
9001,264,131.2813000000,97.2550000000,27.860,1.500,1.593,19
9001,277,149.9825000000,96.5301000000,24.130,1.500,1.593,19
9001,319,218.6639500000,97.7732000000,24.340,1.500,1.593,19
9001,397,250.7942000000,98.4886000000,20.634,1.500,1.593,19
9001,410,266.4171000000,99.7702000000,20.616,1.500,1.593,19
9001,415,274.3306000000,100.1707000000,27.633,1.500,1.593,19
9001,469,268.2111000000,99.8694000000,48.181,1.500,1.573,19
8000,602,178.0772000000,100.2211000000,50.938,1.500,1.590,19
8000,612,171.0938000000,99.2236000000,37.738,1.500,1.590,19
8000,694,169.8966000000,99.1491000000,63.796,2.500,1.590,19
8000,707,165.8262000000,99.0679000000,55.999,2.500,1.590,19
8000,710,162.1682000000,99.0254000000,51.125,2.500,1.590,19
8000,739,154.5179000000,98.8464000000,42.845,2.500,1.590,19
8000,858,40.5539000000,98.8170000000,31.757,2.000,1.590,19
8000,862,34.5880000000,98.8689000000,36.439,2.000,1.590,19
8001,922,27.7947000000,100.5597000000,22.159,1.500,1.587,19
8001,969,121.3290000000,100.7171000000,12.753,1.500,1.587,19
8002,1291,142.7519000000,98.4251000000,17.162,2.000,1.541,19
8002,1309,132.8004000000,98.5477000000,27.447,2.000,1.541,19
8002,1339,155.0718000000,98.5729000000,22.768,2.000,1.541,19
8000,607,177.4046000000,100.2903000000,46.576,1.500,1.590,20
8000,651,98.1867000000,96.9556000000,6.919,2.000,1.590,20
8001,972,135.3354000000,100.5893000000,13.761,1.500,1.587,20
8001,985,171.0551000000,100.1147000000,25.755,1.500,1.587,20
9001,210,87.5440000000,100.1575000000,48.168,1.500,1.593,26
9001,213,94.9679000000,99.6741000000,41.662,1.500,1.593,26
9001,214,96.2388000000,99.5141000000,39.537,1.500,1.593,26
9001,232,123.6268500000,97.7007000000,42.901,1.500,1.593,26
9001,286,178.4176000000,96.5860000000,14.050,1.500,1.593,26
9001,300,202.4197000000,96.6115000000,17.568,1.500,1.593,26
9001,306,224.8094000000,97.7287000000,14.974,1.500,1.593,26
9001,341,243.7118000000,99.4219000000,43.296,1.500,1.593,26
9001,346,203.5973000000,98.3431000000,31.845,1.500,1.593,26
9001,357,241.8369000000,99.4303000000,47.241,1.500,1.593,26
9001,364,247.3772000000,99.7557000000,70.936,1.500,1.593,26
9001,370,248.5074500000,99.7259500000,63.746,1.500,1.593,26
9001,399,248.2663000000,98.2754000000,15.893,1.500,1.593,26
9001,429,272.9918000000,100.1552000000,26.042,1.500,1.593,26
9001,470,267.4878000000,99.8319000000,46.238,1.500,1.573,26
9001,473,279.9463000000,100.0508000000,46.830,1.500,1.573,26
9001,474,281.9868000000,100.0387000000,45.920,1.500,1.573,26
9001,476,281.5416000000,100.4821000000,37.502,1.500,1.573,26
9001,477,285.3175000000,100.7814000000,36.518,1.500,1.573,26
9001,493,275.4000000000,100.1373000000,130.496,1.500,1.573,26
9001,494,277.4239000000,99.9051000000,121.025,1.500,1.573,26
9001,495,277.9371000000,99.8899000000,109.953,1.500,1.573,26
9001,500,276.7906000000,99.9856000000,97.631,1.500,1.573,26
9001,504,275.2070000000,99.9985000000,91.003,1.500,1.573,26
9001,506,278.9576000000,99.9123000000,85.200,1.500,1.573,26
9001,511,281.5655000000,99.8548000000,55.121,1.500,1.573,26
9001,526,268.5015000000,99.5017000000,58.217,1.900,1.573,26
9001,527,268.5107000000,99.5286333333,59.813,1.900,1.573,26
9001,528,268.4646000000,99.5440000000,61.008,1.900,1.573,26
9001,529,268.5714000000,99.5590000000,63.175,1.900,1.573,26
8000,547,61.8783000000,101.3658000000,12.459,1.500,1.590,26
8000,600,180.6947000000,100.2404000000,53.463,1.500,1.590,26
8000,604,177.1052000000,100.2414000000,49.734,1.500,1.590,26
8000,605,176.9510000000,100.2511000000,49.335,1.500,1.590,26
8000,609,186.6972000000,100.1831000000,41.714,1.500,1.590,26
8000,700,163.8204000000,99.1254000000,60.626,2.500,1.590,26
8000,714,153.7798000000,98.8291000000,53.521,2.500,1.590,26
8000,749,141.6253000000,98.6210000000,34.499,2.500,1.590,26
8000,786,116.3289000000,97.9971000000,33.836,2.500,1.590,26
8000,787,112.4811000000,98.0585000000,34.532,2.500,1.590,26
8000,788,109.7212000000,97.9765000000,34.180,2.500,1.590,26
8000,813,90.5202000000,97.8621000000,33.709,2.500,1.590,26
8000,880,196.6310000000,99.2735000000,41.138,2.000,1.590,26
8000,890,195.1293000000,100.4215000000,66.511,1.500,1.590,26
8000,891,195.6473000000,100.4753000000,66.010,1.500,1.590,26
8000,911,197.6303000000,99.6602000000,143.239,1.700,1.590,26
8001,956,91.4541000000,100.9163000000,12.294,1.500,1.587,26
8001,957,78.1483000000,101.2323000000,12.092,1.500,1.587,26
8001,970,123.3071000000,100.7314000000,13.316,1.500,1.587,26
8001,971,125.0266000000,100.7104000000,13.488,1.500,1.587,26
8001,1027,86.2277000000,98.9219000000,32.235,2.000,1.571,26
8001,1029,77.1955000000,99.1959000000,28.901,2.000,1.571,26
8002,1262,131.2074000000,98.3532000000,22.608,2.000,1.541,26
8002,1263,130.1471000000,97.8748000000,17.841,2.000,1.541,26
8002,1264,136.7725000000,98.1700000000,18.456,2.000,1.541,26
8002,1280,124.3632000000,98.3586000000,14.398,2.000,1.541,26
8002,1281,123.5055000000,98.2217000000,14.707,2.000,1.541,26
8002,1297,145.7713000000,98.7294000000,20.359,2.000,1.541,26
9001,371,248.4122000000,99.7033000000,61.964,1.500,1.593,27
8000,869,396.8805000000,99.4955000000,33.311,2.000,1.590,29
8000,870,2.5559000000,99.4765000000,33.531,2.000,1.590,29
8000,871,397.7308000000,98.2285000000,14.778,2.000,1.590,29
8000,872,10.6342000000,98.3860000000,14.777,2.000,1.590,29
8000,876,192.4071000000,98.6082000000,14.990,2.000,1.590,29
8000,877,181.7696000000,98.3337000000,15.322,2.000,1.590,29
8000,878,195.7243000000,99.0068000000,30.957,2.000,1.590,29
8000,879,186.4800000000,99.2241000000,31.432,2.000,1.590,29
8000,881,196.1771000000,99.4254000000,49.355,2.000,1.590,29
8000,882,190.3529000000,99.5200000000,49.557,2.000,1.590,29
8000,893,188.5939000000,100.1936000000,70.279,1.500,1.590,29
8000,894,194.3796000000,100.2482000000,69.931,1.500,1.590,29
8001,1129,200.2569000000,98.8515000000,43.926,2.000,1.571,29
8001,1130,194.1529000000,98.4796000000,28.502,2.000,1.571,29
8001,1131,181.5521000000,95.3669000000,7.625,2.000,1.571,29
8002,1148,227.4479000000,98.4748000000,35.716,2.000,1.541,29
8002,1149,223.1374000000,98.7657000000,46.780,2.000,1.541,29
8002,1211,209.9786000000,99.0965000000,75.324,2.000,1.541,29
9001,199,98.7967000000,99.3309000000,38.304,1.500,1.593,30
9001,204,81.8660000000,100.3739000000,31.033,1.500,1.593,30
9001,233,127.9114000000,97.4902000000,43.444,1.500,1.593,30
9001,320,229.2622000000,98.8554000000,32.715,1.500,1.593,30
9001,335,250.3238000000,99.5330000000,45.205,1.500,1.593,30
9001,343,230.3833000000,98.8853000000,33.103,1.500,1.593,30
9001,344,215.1611000000,98.6016000000,29.496,1.500,1.593,30
9001,345,196.4246500000,98.0736500000,30.451,1.500,1.593,30
9001,391,255.6632000000,98.9632000000,24.844,1.500,1.593,30
9001,517,269.6039000000,99.6656000000,56.115,1.800,1.573,30
8000,546,50.6474000000,101.0327000000,13.035,1.500,1.590,30
8000,601,179.2992000000,100.1839000000,52.239,1.500,1.590,30
8000,611,171.9206000000,99.3057000000,37.284,1.500,1.590,30
8000,622,165.7817000000,99.3989000000,28.486,2.000,1.590,30
8000,637,155.1118000000,99.6157000000,21.605,2.000,1.590,30
8000,644,137.3994000000,98.5576000000,15.164,2.000,1.590,30
8000,650,96.8455000000,99.2141000000,11.120,2.000,1.590,30
8000,668,49.6623000000,98.6972000000,12.901,2.000,1.590,30
8000,690,168.4462000000,99.6170000000,63.762,2.000,1.590,30
8000,708,163.9564000000,99.1562000000,56.027,2.500,1.590,30
8000,725,152.4159000000,99.5706000000,42.534,2.000,1.590,30
8000,748,145.4575000000,98.6406000000,36.487,2.500,1.590,30
8000,767,130.3563000000,98.4977000000,30.367,2.500,1.590,30
8000,799,110.0499000000,97.7766000000,25.902,2.500,1.590,30
8000,821,84.8720000000,97.4895000000,23.625,2.500,1.590,30
8000,843,67.3127000000,97.5021000000,24.537,2.500,1.590,30
8000,857,44.9276000000,98.7678000000,30.461,2.000,1.590,30
8001,959,46.1781000000,100.7428000000,18.229,1.500,1.587,30
8001,968,110.0755000000,100.3147000000,12.272,1.500,1.587,30
8001,981,150.8775000000,100.1397000000,16.751,1.500,1.587,30
8001,984,167.2318000000,99.7844000000,22.902,1.500,1.587,30
8001,992,175.1635000000,99.8543000000,29.706,1.500,1.587,30
8001,998,180.7586000000,99.7733000000,36.991,1.500,1.587,30
8001,1038,85.4454000000,99.1072000000,25.774,2.000,1.571,30
8001,1053,104.5055000000,99.2145000000,25.143,2.000,1.571,30
8001,1064,142.0942000000,99.2352000000,30.993,2.000,1.571,30
8001,1080,154.5499000000,99.2708000000,36.780,2.000,1.571,30
8001,1087,163.0747000000,99.1887000000,43.891,2.000,1.571,30
8001,1103,168.1917000000,99.3719000000,51.039,2.000,1.571,30
8002,1223,75.0925000000,97.8063000000,17.631,2.000,1.541,30
8002,1347,171.5991000000,98.5704000000,27.003,2.000,1.541,30
9001,426,264.4400000000,99.6018000000,19.574,1.500,1.593,37
8000,610,174.5753000000,99.2166000000,37.850,1.500,1.590,37
9001,9002,0.0034000000,103.7855500000,48.766,1.500,1.531,39
9001,9002,399.9989000000,103.7859000000,48.764,1.500,1.531,39
9001,9002,200.0103000000,296.2134000000,,1.500,1.531,39
9001,9002,0.0000000000,103.8715000000,48.769,1.500,1.531,39
9001,9002,199.9966000000,296.1314000000,48.768,1.500,1.531,39
9001,9002,0.0002000000,103.8663000000,48.766,1.500,1.593,39
9001,9002,399.9968000000,103.8647000000,48.769,1.500,1.593,39
9001,9002,200.0009000000,296.1316000000,,1.500,1.593,39
9001,9002,0.0020500000,103.8398000000,48.768,1.500,1.573,39
9001,9002,399.9950000000,103.8377000000,48.765,1.500,1.573,39
9001,9002,0.0000000000,103.8408000000,48.759,1.500,1.573,39
9001,9002,200.0061000000,296.1571000000,48.764,1.500,1.573,39
9001,9002,0.0000000000,103.8401000000,48.763,1.500,1.573,39
9001,9002,200.0013000000,296.1571000000,48.764,1.500,1.573,39
9001,9002,0.0020000000,103.7986500000,48.763,1.500,1.545,39
9001,9002,399.9949000000,103.7968000000,48.761,1.500,1.545,39
9001,8000,277.6347000000,99.9222000000,74.518,1.500,1.545,39
8000,9001,0.0056000000,100.1882500000,74.521,1.500,1.590,39
8000,9001,0.0063666667,100.1871333333,74.518,1.500,1.590,39
8000,8001,194.8056000000,100.0938000000,73.407,1.500,1.590,39
8000,8001,394.8152000000,299.9032000000,,1.500,1.590,39
8000,8002,190.8810000000,99.8790000000,136.232,1.500,1.590,39
8000,9003,197.1791000000,99.9186000000,94.744,1.500,1.590,39
8001,8000,0.0026500000,100.0592000000,73.412,1.500,1.587,39
8001,8000,399.9993000000,100.0585000000,73.410,1.500,1.587,39
8001,8000,0.0014500000,100.0417000000,73.408,1.500,1.571,39
8001,8002,191.4928000000,99.7007000000,63.134,1.500,1.571,39
8001,8002,391.4988000000,300.2968000000,,1.500,1.571,39
8002,8001,0.0005000000,100.4085000000,63.132,1.500,1.541,39
8002,8001,399.9975000000,100.4081000000,63.131,1.500,1.541,39
8002,8003,242.9320000000,99.4829000000,57.192,1.500,1.541,39
8002,8004,218.5767000000,99.3798000000,89.927,1.500,1.541,39
8000,841,70.0198000000,97.9957000000,23.550,2.500,1.590,41
8000,874,155.0931000000,98.1872000000,12.631,2.000,1.590,41
8001,914,15.1443000000,100.2467000000,44.529,1.500,1.587,41
8001,915,17.8922000000,100.2728000000,45.000,1.500,1.587,41
8001,916,20.1281000000,100.2912000000,45.523,1.500,1.587,41
8001,917,21.3920000000,100.3278000000,42.646,1.500,1.587,41
8001,1030,83.0788000000,99.0485000000,28.226,2.000,1.571,41
8001,1031,83.9891000000,99.0425000000,29.686,2.000,1.571,41
8001,1032,70.2421000000,99.3138000000,27.048,2.000,1.571,41
8001,1033,79.9967000000,99.2852000000,25.368,2.000,1.571,41
8001,1039,89.3019000000,99.2496000000,24.033,2.000,1.571,41
8001,1040,100.3541000000,99.2315000000,23.649,2.000,1.571,41
8001,1054,112.3531000000,99.2214000000,23.961,2.000,1.571,41
8001,1056,133.3186500000,99.2055500000,26.880,2.000,1.571,41
8002,1308,133.4659000000,98.5547000000,27.477,2.000,1.541,41
8002,1156,221.0216000000,99.0091000000,88.052,2.000,1.541,56
8002,1157,220.7380000000,99.0181000000,90.185,2.000,1.541,56
8000,899,198.1097000000,99.7740000000,81.317,1.700,1.590,57
8000,905,197.6219000000,99.6867000000,123.272,1.700,1.590,57
8000,883,193.6202000000,100.5735000000,56.231,1.500,1.590,58
8000,884,191.4496000000,100.5808000000,55.812,1.500,1.590,58
8000,885,189.2059000000,100.5317000000,55.509,1.500,1.590,58
8000,886,193.7208000000,100.5164000000,60.616,1.500,1.590,58
8000,887,189.5744000000,100.4443000000,60.904,1.500,1.590,58
8000,888,190.0552000000,100.4330000000,66.098,1.500,1.590,58
8000,889,193.8091000000,100.5144000000,65.716,1.500,1.590,58
8001,1012,101.3337000000,98.2947000000,17.475,2.000,1.571,58
8001,1013,99.9044000000,98.3072000000,16.816,2.000,1.571,58
8002,1214,205.0792000000,99.1312000000,94.635,2.000,1.541,58
8000,855,45.0074000000,98.1125000000,28.630,2.500,1.590,64
8002,1209,206.1433000000,99.1362000000,63.342,2.000,1.541,64
8002,1290,144.4036000000,98.9480000000,16.804,2.000,1.541,64
9001,373,249.4079000000,98.8446000000,12.873,1.500,1.593,200
8000,552,66.1205000000,101.7876000000,10.360,1.500,1.590,200
8000,553,68.5837000000,101.5832000000,11.370,1.500,1.590,200
8000,554,69.9871000000,101.5449000000,11.586,1.500,1.590,200
8000,555,71.8407000000,101.5436000000,11.593,1.500,1.590,200
8000,556,73.7950000000,101.6380000000,11.311,1.500,1.590,200
8000,557,73.9525000000,101.7010000000,10.927,1.500,1.590,200
9001,404,253.6279000000,98.4364000000,12.986,1.500,1.593,201
9001,405,256.6884000000,98.6889000000,13.448,1.500,1.593,201
9001,406,260.5140000000,99.1502000000,15.415,1.500,1.593,201
9001,407,262.0218000000,99.6789000000,16.401,1.500,1.593,201
9001,408,264.2654000000,99.8925000000,17.848,1.500,1.593,201
9001,409,265.6494000000,99.7195000000,18.801,1.500,1.593,201
9001,411,268.1897000000,99.9508000000,20.776,1.500,1.593,201
9001,412,271.5883000000,100.1324000000,23.680,1.500,1.593,201
9001,413,273.1706000000,100.1883000000,25.138,1.500,1.593,201
9001,414,275.9406000000,100.2766000000,27.869,1.500,1.593,201
9001,416,266.0842000000,99.6298000000,29.550,1.500,1.593,201
9001,417,259.2237000000,99.1405000000,31.324,1.500,1.593,201
9001,418,257.2357000000,98.9931000000,29.746,1.500,1.593,201
9001,419,255.6430000000,98.8690000000,28.559,1.500,1.593,201
9001,420,252.9686000000,98.7070000000,25.935,1.500,1.593,201
9001,421,251.7689000000,98.5516000000,24.304,1.500,1.593,201
9001,422,250.3944000000,98.4701000000,22.340,1.500,1.593,201
9001,423,247.3293000000,98.2452000000,16.665,1.500,1.593,201
9001,424,246.2516000000,98.0436000000,14.139,1.500,1.593,201
9001,425,248.2662000000,98.0952000000,13.248,1.500,1.593,201
8000,731,147.5437000000,99.3071000000,44.714,2.000,1.590,201
8000,852,51.1937000000,97.7772000000,32.274,2.500,1.590,201
8000,856,45.2520000000,98.8186000000,28.722,2.000,1.590,201
8000,860,36.1641000000,98.8355000000,33.705,2.000,1.590,201
8000,864,32.6702000000,98.8804000000,36.812,2.000,1.590,201
8002,1282,135.8340000000,98.7233000000,14.859,2.000,1.541,201
8002,1285,140.2823000000,98.8963000000,15.804,2.000,1.541,201
8002,1286,141.5797000000,98.9283000000,16.168,2.000,1.541,201
8002,1289,143.3121000000,98.4933000000,16.979,2.000,1.541,201
8002,1293,144.1042000000,98.4718000000,18.366,2.000,1.541,201
8002,1294,142.7587000000,98.3490000000,20.297,2.000,1.541,201
8002,1300,141.2511000000,98.3583000000,21.195,2.000,1.541,201
8002,1303,140.0645000000,98.5322000000,21.896,2.000,1.541,201
8002,1304,137.0159000000,98.6520000000,24.302,2.000,1.541,201
8002,1307,133.0510000000,98.6012000000,28.260,2.000,1.541,201
9001,403,249.5022000000,98.1841000000,13.042,1.500,1.593,20100
8002,1338,152.7802000000,98.5370000000,26.140,2.000,1.541,26 REDONDO
8001,1068,142.8036000000,99.1516000000,32.506,2.000,1.571,3 M0VER 2M ENTRE ALCOR Y BORD
8000,742,147.3471000000,98.5697000000,40.612,2.500,1.590,BUS
8000,743,143.4134000000,98.4869000000,38.382,2.500,1.590,BUS
